2 0.797135 0.815741 0.065104 0.153704
4 0.797005 0.865509 0.032552 0.038426
2 0.267318 0.489352 0.035677 0.061111
4 0.267188 0.509028 0.017708 0.015278
2 0.185938 0.624537 0.029167 0.094444
4 0.185938 0.654861 0.014583 0.023611
4 0.511719 0.758796 0.043229 0.052778
6 0.511719 0.699537 0.060937 0.082407
4 0.381641 0.682407 0.039844 0.045370
6 0.381641 0.631250 0.055990 0.070833
4 0.466016 0.603704 0.024740 0.027778
6 0.466016 0.572685 0.034635 0.043519
4 0.490625 0.506250 0.018750 0.018056
6 0.490495 0.486111 0.026302 0.027778
4 0.573698 0.494444 0.020833 0.019444
6 0.573698 0.472222 0.029167 0.030556
4 0.035286 0.478241 0.025781 0.014815
6 0.035286 0.461343 0.036198 0.023611
4 0.430599 0.531481 0.024219 0.031481
6 0.430599 0.496296 0.034115 0.049074
