2 0.209375 0.576389 0.023438 0.078704
4 0.209245 0.601852 0.011719 0.019444
4 0.367839 0.712731 0.043490 0.049537
6 0.367839 0.657176 0.060677 0.077315
4 0.469010 0.633565 0.027083 0.032870
6 0.468880 0.596759 0.037760 0.050926
4 0.527474 0.844676 0.053385 0.069907
6 0.527474 0.766204 0.074740 0.109259
4 0.395052 0.463426 0.014583 0.014815
6 0.394922 0.446759 0.020573 0.023148
4 0.416667 0.561111 0.025521 0.024074
6 0.416667 0.534028 0.035417 0.037500
4 0.497135 0.527546 0.022917 0.020833
6 0.497135 0.504167 0.031771 0.032407
4 0.434766 0.481019 0.016927 0.015741
6 0.434766 0.463194 0.023698 0.024537
4 0.027604 0.474537 0.027604 0.014815
6 0.027604 0.457639 0.039062 0.023611
4 0.436979 0.489815 0.019271 0.018519
6 0.436979 0.468981 0.026562 0.028704
