4 0.475000 0.757407 0.045833 0.052778
6 0.474870 0.698148 0.064323 0.082407
4 0.189323 0.845602 0.073438 0.066204
6 0.189323 0.771065 0.102604 0.103241
4 0.521354 0.634028 0.040625 0.034722
6 0.521224 0.594676 0.057031 0.054167
4 0.294010 0.886806 0.068750 0.080093
6 0.293880 0.796528 0.096094 0.125463
4 0.569792 0.974074 0.068229 0.031481
6 0.569792 0.938657 0.095833 0.049537
4 0.337500 0.441667 0.018229 0.014815
6 0.337500 0.425000 0.025521 0.023148
4 0.435156 0.560417 0.026042 0.028241
6 0.435156 0.528241 0.036458 0.044444
4 0.374479 0.621759 0.030208 0.031481
6 0.374349 0.586111 0.042448 0.049074
4 0.478125 0.522685 0.025000 0.022222
6 0.478125 0.498148 0.035417 0.034259
4 0.571094 0.517130 0.046875 0.049074
6 0.571094 0.461574 0.065625 0.076852
4 0.391667 0.465741 0.010937 0.012963
6 0.391667 0.450694 0.015625 0.020833
4 0.442578 0.470602 0.013802 0.015278
6 0.442578 0.453472 0.019531 0.023611
4 0.570312 0.515278 0.047396 0.050000
6 0.570312 0.459259 0.066667 0.077778
4 0.371875 0.439120 0.011458 0.014352
6 0.371875 0.422917 0.016146 0.022685
