2 0.219271 0.539352 0.024479 0.082407
4 0.219141 0.565972 0.012240 0.020833
4 0.807813 0.871759 0.191146 0.164815
6 0.807813 0.686343 0.267708 0.257870
4 0.348177 0.747917 0.048958 0.056019
6 0.348177 0.684954 0.068750 0.087500
4 0.504036 0.564120 0.028906 0.027315
6 0.504036 0.533565 0.040365 0.042130
4 0.364323 0.515046 0.022917 0.020833
6 0.364323 0.491667 0.031771 0.032407
4 0.467708 0.669444 0.034375 0.037037
6 0.467708 0.627315 0.048438 0.058333
4 0.547005 0.940278 0.063802 0.075926
6 0.547005 0.854861 0.089323 0.118981
4 0.519531 0.786111 0.037500 0.022222
6 0.519531 0.761574 0.052083 0.034259
4 0.382292 0.399074 0.012500 0.009259
6 0.382161 0.388889 0.017448 0.013889
4 0.436719 0.500694 0.022396 0.020833
6 0.436589 0.477315 0.031510 0.032407
4 0.020443 0.470370 0.020573 0.014815
6 0.020443 0.453472 0.028906 0.023611
4 0.477214 0.485880 0.017448 0.014352
6 0.477214 0.469676 0.024219 0.022685
4 0.400260 0.579167 0.027083 0.025000
6 0.400130 0.550926 0.037760 0.038889
