2 0.191667 0.689352 0.034896 0.097222
4 0.191536 0.720833 0.017448 0.024074
4 0.501823 0.709722 0.037500 0.043519
6 0.501823 0.660880 0.052604 0.068056
4 0.464062 0.573148 0.021875 0.024074
6 0.464062 0.546296 0.030208 0.037037
4 0.638021 0.618750 0.035417 0.034722
6 0.638021 0.579861 0.049479 0.054167
4 0.392448 0.654167 0.035417 0.040741
6 0.392318 0.608333 0.049740 0.063889
4 0.482812 0.475000 0.014063 0.014815
6 0.482682 0.458333 0.019531 0.023148
4 0.035156 0.481944 0.035417 0.016667
6 0.035156 0.463426 0.049479 0.025926
