2 0.487109 0.775231 0.068490 0.108796
4 0.486979 0.810417 0.034375 0.027315
4 0.484115 0.620370 0.027604 0.029630
6 0.483984 0.587037 0.038802 0.046296
4 0.566927 0.777778 0.050000 0.053704
6 0.566927 0.717593 0.070312 0.083333
4 0.449219 0.487037 0.015625 0.014815
6 0.449219 0.470370 0.021875 0.023148
4 0.423698 0.565046 0.022917 0.029167
6 0.423568 0.532407 0.032031 0.045370
4 0.719792 0.766898 0.063021 0.057870
6 0.719792 0.701389 0.088021 0.090741
4 0.513542 0.466204 0.013542 0.012037
6 0.513542 0.452778 0.018750 0.018519
4 0.042969 0.480556 0.032292 0.014815
6 0.042839 0.464120 0.045052 0.022685
4 0.466927 0.455093 0.012500 0.012963
6 0.466927 0.440278 0.017708 0.020370
