2 0.102604 0.849306 0.071354 0.142130
4 0.102474 0.895139 0.035677 0.035648
4 0.469010 0.695602 0.040104 0.043056
6 0.469010 0.647222 0.055729 0.067593
4 0.657813 0.652778 0.094271 0.096296
6 0.657813 0.544444 0.131771 0.150000
4 0.329427 0.785417 0.054688 0.063426
6 0.329427 0.713657 0.076563 0.099537
4 0.320443 0.582870 0.032552 0.027778
6 0.320443 0.551389 0.045573 0.043519
4 0.511198 0.590046 0.032813 0.029167
6 0.511068 0.557407 0.046094 0.045370
4 0.556771 0.945139 0.071354 0.070833
6 0.556771 0.865509 0.099479 0.110648
4 0.390755 0.590972 0.028906 0.028241
6 0.390755 0.558796 0.040365 0.044444
4 0.367708 0.408796 0.014063 0.011111
6 0.367708 0.396528 0.019271 0.017130
4 0.435547 0.521528 0.023177 0.024537
6 0.435547 0.493750 0.032552 0.038426
4 0.478385 0.494213 0.017708 0.014352
6 0.478385 0.478009 0.024479 0.022685
