2 0.267708 0.488889 0.037500 0.065741
4 0.267708 0.509954 0.018750 0.016204
2 0.255729 0.631481 0.031250 0.086111
4 0.255729 0.659259 0.015625 0.021296
4 0.503516 0.719676 0.038802 0.044907
6 0.503516 0.669213 0.054427 0.069907
4 0.624219 0.959028 0.064062 0.054167
6 0.624219 0.897917 0.090104 0.084722
4 0.464062 0.579630 0.022396 0.025000
6 0.463932 0.551852 0.031510 0.038889
4 0.483854 0.481481 0.015625 0.015741
6 0.483854 0.463657 0.021875 0.024537
4 0.616406 0.574769 0.029167 0.028241
6 0.616406 0.542593 0.040625 0.044444
4 0.387760 0.662963 0.034896 0.041667
6 0.387760 0.616204 0.048958 0.064815
4 0.038411 0.480556 0.025781 0.015741
6 0.038411 0.462731 0.036198 0.024537
