2 0.047526 0.952083 0.094531 0.094907
4 0.047396 0.983102 0.047396 0.023611
2 0.181380 0.637731 0.033594 0.106019
4 0.181250 0.671991 0.016667 0.026389
2 0.266797 0.488889 0.036719 0.062963
4 0.266667 0.509259 0.018229 0.015741
4 0.508594 0.743750 0.041146 0.048611
6 0.508594 0.688889 0.057813 0.075926
4 0.384375 0.674537 0.039062 0.043519
6 0.384375 0.625694 0.054688 0.068056
4 0.585156 0.517130 0.023438 0.022222
6 0.585156 0.492130 0.032813 0.035185
4 0.465365 0.594213 0.023958 0.027315
6 0.465365 0.563657 0.033854 0.042130
4 0.624870 0.980324 0.055990 0.024537
6 0.624870 0.952546 0.078385 0.038426
4 0.486979 0.497685 0.018229 0.018519
6 0.486979 0.476620 0.025521 0.029167
4 0.432292 0.529630 0.022396 0.024074
6 0.432161 0.502778 0.031510 0.037037
4 0.902083 0.981019 0.036458 0.025000
6 0.902083 0.952778 0.051042 0.038889
4 0.507292 0.460417 0.014063 0.014352
6 0.507292 0.444213 0.019271 0.022685
