4 0.721094 0.762500 0.134375 0.133333
6 0.721094 0.612731 0.188542 0.207870
4 0.338802 0.765509 0.052083 0.059722
6 0.338802 0.698148 0.072917 0.093519
4 0.468490 0.686111 0.036979 0.040741
6 0.468490 0.640046 0.051562 0.064352
4 0.506771 0.574537 0.030729 0.026852
6 0.506771 0.544213 0.043229 0.042130
4 0.553385 0.943519 0.068750 0.072222
6 0.553385 0.862269 0.095833 0.112500
4 0.344401 0.546528 0.026823 0.024537
6 0.344401 0.518750 0.037760 0.038426
4 0.435286 0.515278 0.022656 0.024074
6 0.435286 0.488194 0.031510 0.037500
4 0.396094 0.583102 0.028125 0.027315
6 0.396094 0.552315 0.039062 0.042593
4 0.374609 0.405093 0.014323 0.011111
6 0.374609 0.392593 0.020052 0.017593
4 0.476562 0.495602 0.017708 0.013426
6 0.476562 0.480556 0.025000 0.021296
4 0.530469 0.806019 0.046875 0.023148
6 0.530469 0.780093 0.065625 0.036111
4 0.238542 0.491667 0.031250 0.022222
6 0.238542 0.466667 0.043750 0.035185
