2 0.515885 0.789352 0.069792 0.123148
4 0.515885 0.829167 0.034896 0.030556
3 0.492057 0.769907 0.022135 0.097222
1 0.491927 0.729861 0.026562 0.036574
4 0.786458 0.898611 0.088542 0.085185
6 0.786458 0.803009 0.123958 0.132870
4 0.560417 0.761111 0.049479 0.051852
6 0.560417 0.703241 0.069271 0.080556
4 0.482031 0.611111 0.027604 0.027778
6 0.481901 0.579630 0.038802 0.043519
4 0.426302 0.551389 0.020833 0.025926
6 0.426302 0.522222 0.029167 0.040741
4 0.447396 0.480324 0.014583 0.014352
6 0.447266 0.464352 0.020573 0.022222
4 0.786328 0.898843 0.087240 0.085648
6 0.786328 0.802546 0.122135 0.133796
4 0.513542 0.465972 0.014583 0.014352
6 0.513542 0.450000 0.020313 0.022222
4 0.043229 0.481481 0.033854 0.013889
6 0.043229 0.465972 0.047396 0.021759
