2 0.217578 0.552315 0.025260 0.077778
4 0.217448 0.577315 0.012500 0.019444
4 0.829948 0.886574 0.169271 0.148148
6 0.829948 0.719907 0.236979 0.231481
4 0.467708 0.656019 0.032292 0.036111
6 0.467708 0.615278 0.044792 0.056481
4 0.502083 0.550463 0.026562 0.024074
6 0.501953 0.523380 0.037240 0.037500
4 0.354427 0.734722 0.047396 0.053704
6 0.354427 0.674306 0.066146 0.083796
4 0.377344 0.492593 0.020313 0.018519
6 0.377214 0.471528 0.028385 0.029167
4 0.540885 0.921991 0.060937 0.083796
6 0.540755 0.827546 0.085156 0.131019
4 0.408333 0.568981 0.026042 0.025000
6 0.408333 0.541204 0.036458 0.038889
4 0.436458 0.497917 0.022917 0.020833
6 0.436458 0.474306 0.032292 0.032870
4 0.387760 0.399537 0.011979 0.008333
6 0.387760 0.390278 0.017188 0.012963
4 0.477344 0.478472 0.016667 0.018056
6 0.477344 0.458333 0.022917 0.027778
