2 0.675781 0.631250 0.032813 0.086574
4 0.675651 0.659028 0.016406 0.021759
4 0.521094 0.806250 0.048438 0.061574
6 0.521094 0.737037 0.068229 0.096296
4 0.372135 0.702546 0.041667 0.047685
6 0.372135 0.648843 0.058333 0.074537
4 0.468229 0.621296 0.026042 0.030556
6 0.468229 0.586806 0.036458 0.047685
4 0.492578 0.520833 0.022656 0.022222
6 0.492578 0.496296 0.031510 0.034259
4 0.421224 0.558565 0.024740 0.024537
6 0.421224 0.530787 0.034635 0.038426
4 0.555208 0.463426 0.016146 0.016667
6 0.555078 0.444907 0.022656 0.025926
