2 0.460938 0.760417 0.069792 0.108796
4 0.460938 0.795602 0.034896 0.027315
4 0.484635 0.628935 0.028125 0.031019
6 0.484635 0.594444 0.039583 0.048148
4 0.420182 0.574769 0.024219 0.030093
6 0.420182 0.540509 0.034115 0.047685
4 0.674089 0.683333 0.046094 0.044444
6 0.674089 0.633102 0.064323 0.069907
4 0.573438 0.794907 0.052083 0.057407
6 0.573438 0.730556 0.072917 0.089815
4 0.451042 0.495602 0.016146 0.016204
6 0.451042 0.477778 0.022917 0.025000
4 0.513672 0.466667 0.014323 0.012963
6 0.513672 0.451852 0.020052 0.020370
4 0.572786 0.796065 0.051823 0.057870
6 0.572786 0.731019 0.072656 0.090741
4 0.043750 0.481019 0.030208 0.014815
6 0.043750 0.464352 0.042708 0.023148
