4 0.479557 0.786574 0.048177 0.056481
6 0.479557 0.723148 0.067448 0.087963
4 0.276562 0.933102 0.072917 0.085648
6 0.276562 0.836574 0.102083 0.134259
4 0.527083 0.652315 0.041146 0.036111
6 0.526953 0.611806 0.057552 0.056019
4 0.106250 0.953472 0.104167 0.060648
6 0.106250 0.884954 0.145833 0.094907
4 0.564323 0.985880 0.052083 0.016204
6 0.564323 0.967593 0.072917 0.025000
4 0.371354 0.632870 0.031771 0.031481
6 0.371354 0.596991 0.044792 0.049537
4 0.326693 0.454861 0.020052 0.015278
6 0.326693 0.437500 0.027865 0.024074
4 0.422135 0.439815 0.016667 0.014815
6 0.422005 0.423148 0.023177 0.023148
4 0.435807 0.572222 0.026823 0.029630
6 0.435807 0.538657 0.037760 0.046759
4 0.386849 0.478704 0.012760 0.017593
6 0.386849 0.458796 0.017969 0.027778
4 0.485156 0.533796 0.023958 0.022222
6 0.485156 0.508796 0.033854 0.035185
4 0.483073 0.450000 0.014063 0.013889
6 0.483073 0.434491 0.019271 0.021759
4 0.557552 0.496759 0.043229 0.041667
6 0.557552 0.449769 0.060417 0.065278
