2 0.816797 0.837731 0.070052 0.174537
4 0.816667 0.894213 0.034896 0.043981
2 0.262370 0.492593 0.054948 0.062037
4 0.262240 0.512500 0.027604 0.015741
4 0.486589 0.634954 0.029948 0.031944
6 0.486589 0.599074 0.041927 0.050000
4 0.453125 0.508796 0.017708 0.016667
6 0.452995 0.490046 0.024740 0.026389
4 0.578646 0.809722 0.053125 0.060185
6 0.578646 0.741898 0.073958 0.093981
4 0.640885 0.624769 0.036979 0.035648
6 0.640885 0.584722 0.052083 0.055556
4 0.513281 0.467824 0.014583 0.013426
6 0.513281 0.452315 0.020313 0.021296
4 0.415625 0.586111 0.023438 0.031481
6 0.415625 0.550694 0.032813 0.049537
4 0.036458 0.483796 0.034896 0.014815
6 0.036458 0.467130 0.048438 0.023148
