2 0.543490 0.801620 0.070833 0.138426
4 0.543490 0.846528 0.035417 0.034722
2 0.266536 0.827546 0.038281 0.088426
4 0.266406 0.856019 0.019271 0.022222
3 0.267448 0.779630 0.035417 0.089815
1 0.267318 0.742593 0.042448 0.034259
2 0.267448 0.809028 0.039062 0.120833
4 0.267318 0.847917 0.019531 0.030093
3 0.267448 0.779630 0.035417 0.089815
1 0.267318 0.742593 0.042448 0.034259
4 0.555729 0.742130 0.047917 0.047222
6 0.555729 0.689120 0.066667 0.073611
4 0.482031 0.602315 0.025521 0.027778
6 0.482031 0.571065 0.035937 0.043056
4 0.850391 0.949537 0.090365 0.065741
6 0.850391 0.875694 0.126302 0.102315
4 0.433594 0.538426 0.020313 0.025000
6 0.433594 0.509954 0.028125 0.039352
4 0.448177 0.471759 0.014063 0.013889
6 0.448177 0.455787 0.019271 0.021759
4 0.515234 0.465741 0.013802 0.013889
6 0.515234 0.449769 0.019531 0.021759
4 0.047396 0.483565 0.027083 0.015278
6 0.047396 0.466435 0.038021 0.023611
4 0.852083 0.949537 0.091146 0.065741
6 0.852083 0.875463 0.127604 0.102778
