2 0.745833 0.727546 0.045312 0.129167
4 0.745703 0.769444 0.022656 0.032407
2 0.264193 0.491898 0.050781 0.062500
4 0.264062 0.512037 0.025521 0.015741
4 0.488151 0.644213 0.031510 0.032870
6 0.488151 0.607407 0.044010 0.050926
4 0.454948 0.519676 0.017708 0.019907
6 0.454948 0.497454 0.024479 0.031019
4 0.583854 0.828935 0.054167 0.064352
6 0.583854 0.756250 0.075521 0.100463
4 0.411719 0.596296 0.024479 0.031481
6 0.411719 0.560648 0.033854 0.049074
4 0.426953 0.429167 0.010156 0.011111
6 0.426953 0.416898 0.014323 0.017130
4 0.617708 0.578704 0.030729 0.029630
6 0.617708 0.545602 0.043229 0.045833
4 0.514062 0.467593 0.014063 0.013889
6 0.514062 0.452083 0.019792 0.021759
4 0.617188 0.579167 0.030208 0.029630
6 0.617188 0.546065 0.042708 0.045833
