2 0.661458 0.600231 0.022917 0.078241
4 0.661458 0.625463 0.011458 0.019444
2 0.580208 0.533102 0.018229 0.059722
4 0.580078 0.552315 0.009115 0.014815
2 0.347656 0.662269 0.027083 0.096759
4 0.347656 0.693519 0.013542 0.024074
4 0.500000 0.589352 0.023438 0.026852
6 0.500000 0.559028 0.032813 0.042130
4 0.571615 0.734028 0.046354 0.047685
6 0.571615 0.680324 0.065104 0.074537
4 0.461068 0.522917 0.019010 0.022685
6 0.461068 0.496991 0.026823 0.035648
4 0.537240 0.466204 0.014063 0.014815
6 0.537240 0.449769 0.019792 0.022685
4 0.496094 0.442593 0.012500 0.012963
6 0.495964 0.428009 0.017448 0.019907
