2 0.663672 0.602315 0.027865 0.084259
4 0.663542 0.629398 0.014063 0.020833
2 0.269922 0.492593 0.039323 0.060185
4 0.269792 0.512037 0.019792 0.014815
2 0.341016 0.733796 0.063802 0.112037
4 0.340885 0.769907 0.031771 0.027778
4 0.586458 0.524074 0.023438 0.022222
6 0.586458 0.499074 0.032813 0.034259
4 0.492057 0.659259 0.032552 0.035185
6 0.492057 0.619907 0.045573 0.054630
4 0.407031 0.615278 0.029687 0.035185
6 0.407031 0.575694 0.041667 0.055093
4 0.457552 0.525231 0.017188 0.017130
6 0.457552 0.506019 0.024479 0.026852
4 0.596224 0.868981 0.056510 0.071296
6 0.596224 0.788889 0.078906 0.111111
4 0.513281 0.465509 0.014063 0.013426
6 0.513281 0.450463 0.019792 0.021296
4 0.596094 0.869907 0.056250 0.070370
6 0.595964 0.790741 0.078906 0.110185
4 0.476562 0.440278 0.010937 0.011111
6 0.476562 0.427546 0.015625 0.017130
4 0.426042 0.430093 0.010937 0.011111
6 0.425911 0.417361 0.015365 0.018056
4 0.034896 0.482407 0.033333 0.014815
6 0.034896 0.465741 0.046354 0.023148
