2 0.276432 0.723843 0.064323 0.101389
4 0.276302 0.756713 0.032292 0.025463
2 0.618359 0.531019 0.019010 0.067593
4 0.618229 0.552778 0.009375 0.016667
2 0.268359 0.493519 0.039844 0.056481
4 0.268229 0.511574 0.019792 0.013889
2 0.654167 0.712963 0.031250 0.083333
4 0.654167 0.740046 0.015625 0.020833
4 0.494792 0.681250 0.034896 0.038426
6 0.494792 0.638194 0.048438 0.059722
4 0.609635 0.925926 0.058333 0.083333
6 0.609505 0.832407 0.081510 0.129630
4 0.400781 0.631713 0.032292 0.038426
6 0.400781 0.588426 0.044792 0.060185
4 0.460938 0.552083 0.019792 0.022685
6 0.460938 0.526620 0.028125 0.035648
4 0.777865 0.898380 0.085417 0.084722
6 0.777865 0.803241 0.119271 0.132407
4 0.776823 0.898380 0.085417 0.085648
6 0.776823 0.802083 0.119792 0.133796
4 0.426042 0.430556 0.012500 0.011111
6 0.425911 0.417824 0.017448 0.018056
4 0.567448 0.486111 0.017708 0.018519
6 0.567448 0.465046 0.025000 0.029167
4 0.426172 0.440741 0.012760 0.014815
6 0.426172 0.424074 0.017969 0.023148
