2 0.192839 0.605556 0.028906 0.105556
4 0.192708 0.639583 0.014583 0.026389
2 0.724219 0.692593 0.041146 0.081481
4 0.724089 0.718981 0.020573 0.020370
4 0.514844 0.777778 0.045833 0.055556
6 0.514844 0.715509 0.064062 0.086574
4 0.376953 0.691667 0.040365 0.047222
6 0.376953 0.638426 0.056510 0.074074
4 0.466276 0.612500 0.025781 0.029630
6 0.466276 0.579167 0.036198 0.046296
4 0.490365 0.511806 0.020313 0.019907
6 0.490365 0.489583 0.028125 0.031019
4 0.563542 0.478704 0.017708 0.017593
6 0.563411 0.458796 0.024740 0.027778
4 0.429036 0.537037 0.026823 0.034259
6 0.429036 0.498148 0.037760 0.053704
4 0.036589 0.477315 0.026302 0.014815
6 0.036589 0.460417 0.036719 0.023611
