4 0.468490 0.646296 0.029687 0.035185
6 0.468490 0.606944 0.041667 0.054630
4 0.361719 0.725694 0.045833 0.053241
6 0.361719 0.665741 0.064583 0.083333
4 0.866667 0.905324 0.132292 0.118981
6 0.866667 0.771296 0.184896 0.186111
4 0.534375 0.884259 0.056771 0.076852
6 0.534245 0.797685 0.079427 0.120370
4 0.386979 0.476389 0.017188 0.016667
6 0.386979 0.457870 0.024479 0.025926
4 0.499740 0.538426 0.024479 0.021296
6 0.499740 0.514120 0.033854 0.033796
4 0.026172 0.472222 0.025781 0.015741
6 0.026172 0.454398 0.036198 0.024537
4 0.412760 0.562963 0.025000 0.025000
6 0.412760 0.535185 0.035417 0.038889
4 0.434115 0.474769 0.016667 0.012500
6 0.434115 0.460880 0.023438 0.018981
4 0.438021 0.494213 0.021354 0.019907
6 0.437891 0.471991 0.029948 0.031019
