2 0.216667 0.513889 0.032292 0.065741
4 0.216667 0.534954 0.016146 0.016204
4 0.471615 0.733565 0.043229 0.048611
6 0.471615 0.678472 0.060937 0.076389
4 0.248177 0.720139 0.052083 0.044907
6 0.248177 0.669444 0.072917 0.070370
4 0.561458 0.963889 0.066146 0.048148
6 0.561458 0.909954 0.092188 0.074537
4 0.378906 0.608565 0.030208 0.030093
6 0.378906 0.574306 0.042188 0.047685
4 0.307031 0.837963 0.063542 0.071296
6 0.306901 0.757639 0.088802 0.111574
4 0.347917 0.427778 0.017188 0.012963
6 0.347917 0.413194 0.023958 0.019907
4 0.515885 0.614352 0.037500 0.031481
6 0.515755 0.578472 0.052344 0.049537
4 0.434375 0.547454 0.025000 0.028241
6 0.434245 0.515741 0.035156 0.044444
4 0.596094 0.543056 0.058333 0.060185
6 0.596094 0.475231 0.081771 0.093981
4 0.396875 0.454398 0.010937 0.013426
6 0.396745 0.439352 0.015365 0.021296
4 0.596484 0.545602 0.058073 0.059722
6 0.596484 0.478472 0.081510 0.093056
4 0.479167 0.511111 0.019271 0.017593
6 0.479167 0.491204 0.027083 0.027778
