2 0.269792 0.492824 0.039583 0.060648
4 0.269792 0.512269 0.019792 0.015278
4 0.489844 0.652083 0.032292 0.034722
6 0.489714 0.613194 0.045052 0.054167
4 0.588542 0.844676 0.056250 0.067130
6 0.588542 0.769213 0.078646 0.105093
4 0.409375 0.607639 0.029167 0.033796
6 0.409245 0.569444 0.040885 0.052778
4 0.511979 0.465278 0.015104 0.014815
6 0.511849 0.448843 0.021094 0.022685
4 0.599349 0.547685 0.025260 0.025000
6 0.599349 0.519907 0.035156 0.038889
4 0.426302 0.429398 0.010937 0.011574
6 0.426302 0.416435 0.015625 0.018056
4 0.456771 0.525463 0.017708 0.020370
6 0.456771 0.502546 0.025000 0.031944
4 0.475911 0.433796 0.011719 0.011111
6 0.475911 0.421065 0.016406 0.018056
4 0.035677 0.483333 0.033854 0.014815
6 0.035677 0.466667 0.047396 0.023148
