2 0.242708 0.717361 0.058333 0.101389
4 0.242708 0.750231 0.029167 0.025463
2 0.266927 0.491667 0.041667 0.060185
4 0.266927 0.511111 0.020833 0.014815
4 0.496354 0.689352 0.035417 0.039815
6 0.496354 0.644907 0.050000 0.062037
4 0.616276 0.935648 0.061198 0.079630
6 0.616276 0.845833 0.085677 0.125000
4 0.713151 0.764583 0.058594 0.056944
6 0.713151 0.700694 0.082031 0.088426
4 0.461458 0.559722 0.020313 0.022222
6 0.461458 0.534722 0.028646 0.035185
4 0.398047 0.641435 0.033594 0.039352
6 0.398047 0.596991 0.047135 0.061574
4 0.426823 0.430093 0.012500 0.011111
6 0.426823 0.417361 0.017708 0.017130
4 0.510938 0.466204 0.014583 0.014815
6 0.510938 0.449769 0.020313 0.022685
4 0.446094 0.503472 0.018229 0.016204
6 0.446094 0.484954 0.025521 0.025463
