2 0.217578 0.516435 0.026302 0.066204
4 0.217448 0.537731 0.013021 0.016204
4 0.514062 0.602083 0.034375 0.031944
6 0.514062 0.566204 0.048438 0.050000
4 0.470833 0.713426 0.040104 0.046296
6 0.470833 0.661343 0.056250 0.072685
4 0.319271 0.808333 0.057813 0.066667
6 0.319271 0.732870 0.081250 0.104630
4 0.617708 0.585880 0.074479 0.078241
6 0.617708 0.498148 0.104167 0.122222
4 0.289062 0.639352 0.040625 0.034259
6 0.289062 0.600463 0.056771 0.053704
4 0.383984 0.599537 0.029948 0.029630
6 0.383984 0.565972 0.041927 0.046759
4 0.357552 0.415972 0.015104 0.011574
6 0.357552 0.402778 0.021354 0.018519
4 0.434635 0.533796 0.023438 0.025926
6 0.434635 0.504398 0.032813 0.041204
4 0.473438 0.510648 0.023438 0.024074
6 0.473438 0.483796 0.032813 0.037037
4 0.545052 0.882176 0.055729 0.030093
6 0.544922 0.847917 0.077865 0.047685
4 0.557292 0.954398 0.067187 0.060648
6 0.557161 0.886574 0.094010 0.094444
4 0.011068 0.469907 0.011198 0.012963
6 0.011068 0.455324 0.015885 0.019907
